-1.050627496090231094e+00
-8.216239264344270543e-01
-6.686151720751796201e-01
-5.553836736835775501e-01
-4.640606192380688499e-01
-3.927716243709188371e-01
-3.300589200155442104e-01
-2.748555563443712546e-01
-2.257122875615968083e-01
-1.812680828079976103e-01
-1.423475547815782616e-01
-1.063568842174163892e-01
-7.209611804533233581e-02
-4.110873102989764244e-02
-1.229843271083162076e-02
1.484092015718200402e-02
4.045495956236929563e-02
6.481621688277372506e-02
8.777067134420760142e-02
1.096163427378165633e-01
1.303418049629323783e-01
1.500504871686946240e-01
1.689616840643201334e-01
1.869182463194232757e-01
2.042984394252918279e-01
2.211741970468477370e-01
2.373606975683277553e-01
2.527960760068879709e-01
2.677239295333720959e-01
2.821249714758524152e-01
2.962021174660292022e-01
3.098592039841334689e-01
3.230580515344523840e-01
3.358477571263859818e-01
3.482548982442987273e-01
3.603516386822221973e-01
3.720487077492380390e-01
3.834768116382145653e-01
3.946212113152220424e-01
4.054304313022940587e-01
4.160420631196164454e-01
4.264047047020410597e-01
4.365614316847269971e-01
4.464782059741781994e-01
4.561411434736901693e-01
4.655362702712090295e-01
4.747237248521846142e-01
4.837994775783773238e-01
4.926729810764789441e-01
5.013728091847068358e-01
5.099142173954854806e-01
5.182813602491358473e-01
5.265017934245208586e-01
5.345000975204002858e-01
5.423885362868632320e-01
5.501563826287080294e-01
5.577377706277646396e-01
5.652298349708855252e-01
5.725983904058127294e-01
5.798583533906691567e-01
5.869854122159675613e-01
5.939786510536125830e-01
6.009043681187775654e-01
6.076777024968139651e-01
6.143648394018266234e-01
6.209527942592892868e-01
6.274072345238823623e-01
6.338194383078041838e-01
6.401250294589627687e-01
6.463088235308548368e-01
6.524071989263807714e-01
6.584409052935777940e-01
6.644290118964862879e-01
6.703157253759776113e-01
6.761070033603989726e-01
6.818305252243883618e-01
6.874562001917938758e-01
6.930018536359894288e-01
6.984953159116720212e-01
7.039123425267764800e-01
7.092687386336122835e-01
7.145917848628194902e-01
7.198371619253534082e-01
7.249969914012411865e-01
7.301045204769409658e-01
7.351720053566385138e-01
7.401663200363448603e-01
7.450718753197846933e-01
7.499581512228024049e-01
7.548083016757389796e-01
7.595798846574159935e-01
7.643034947829094872e-01
7.689726537034333731e-01
7.735805992079317628e-01
7.781492323587897442e-01
7.826675892905528009e-01
7.871439801196344899e-01
7.915880498996663572e-01
7.959734399783795489e-01
8.003084250566134816e-01
8.046204843782933658e-01
8.088810723242274570e-01
8.130954581210303456e-01
8.172737606016471368e-01
8.214079842743184923e-01
8.255040704808567220e-01
8.295659186586691325e-01
8.335842572956218000e-01
8.375639728531976136e-01
8.415108828369428640e-01
8.454232120786966398e-01
8.493042320365828957e-01
8.531516076098422108e-01
8.569667199353152576e-01
8.607483465274987644e-01
8.644904885367488134e-01
8.682039393562717144e-01
8.718802225386315108e-01
8.755168209966500692e-01
8.791400446559154425e-01
8.827323661471169203e-01
8.862919423031032640e-01
8.898285698051642267e-01
8.933360989163924293e-01
8.968205893575222909e-01
9.002544257310323150e-01
9.036598073853437940e-01
9.070552143567188752e-01
9.104238764742462742e-01
9.137694282914352595e-01
9.170835056331768653e-01
9.203794176953161710e-01
9.236564872808969984e-01
9.268905371657024661e-01
9.300981732909936461e-01
9.332949766071595432e-01
9.364672041242543266e-01
9.396120684530347988e-01
9.427346561592304663e-01
9.458380653452691522e-01
9.489183994163019609e-01
9.519758136302592932e-01
9.550145293210164921e-01
9.580318453153193747e-01
9.610317200226284884e-01
9.640084974126014172e-01
9.669609013477514781e-01
9.698990672955745129e-01
9.728196112371707560e-01
9.757074458317658294e-01
9.785762242107108877e-01
9.814313610318113890e-01
9.842760430736271493e-01
9.871033065811647411e-01
9.898993016278887502e-01
9.926798844586917081e-01
9.954424280655151946e-01
9.981939527640005805e-01
1.000928284973724880e+00
1.003636083234233478e+00
1.006336958450296359e+00
1.009023800670427073e+00
1.011686825045099658e+00
1.014335609986505293e+00
1.016969928410427437e+00
1.019585439570455998e+00
1.022183436029411530e+00
1.024765826561662374e+00
1.027336025400653829e+00
1.029894839284460462e+00
1.032435989572191293e+00
1.034960134373378970e+00
1.037471187368214753e+00
1.039966872219908023e+00
1.042451328519325982e+00
1.044918219972743811e+00
1.047363718179491032e+00
1.049800467855011021e+00
1.052229567046906844e+00
1.054648188454293534e+00
1.057044265027821561e+00
1.059427480426960777e+00
1.061808577674978160e+00
1.064170266152551614e+00
1.066517433527374159e+00
1.068853876728551811e+00
1.071179383573220845e+00
1.073487425548979690e+00
1.075779290220829409e+00
1.078063931648235219e+00
1.080339957272462792e+00
1.082601239875673027e+00
1.084849697050876749e+00
1.087089805124540343e+00
1.089319578478240569e+00
1.091538179103856310e+00
1.093737964168632892e+00
1.095928363847809894e+00
1.098113073663355310e+00
1.100284553805288112e+00
1.102445167621104449e+00
1.104595365680280938e+00
1.106736403874845731e+00
1.108865062907599341e+00
1.110985624683281880e+00
1.113096331267835470e+00
1.115191688437642714e+00
1.117277066854770018e+00
1.119355416990166052e+00
1.121424512267661600e+00
1.123481455938631246e+00
1.125528882473596504e+00
1.127571793582065052e+00
1.129604019080959976e+00
1.131620038723903487e+00
1.133629582887403453e+00
1.135631034319596999e+00
1.137625723815564927e+00
1.139608914816278462e+00
1.141578403016920706e+00
1.143545942478509048e+00
1.145503978689618396e+00
1.147451032299787510e+00
1.149390327001167833e+00
1.151320505129946214e+00
1.153241219368864590e+00
1.155153354499842244e+00
1.157060130552976851e+00
1.158958895109071907e+00
1.160846152171460588e+00
1.162724712035285046e+00
1.164596516759013767e+00
1.166462798400235368e+00
1.168318588570031791e+00
1.170164871770715376e+00
1.172006740318775719e+00
1.173837549267611413e+00
1.175658848449232075e+00
1.177476000799564160e+00
1.179286318532887234e+00
1.181089190974333736e+00
1.182885445131245383e+00
1.184674386555457426e+00
1.186456513017505099e+00
1.188228500522767073e+00
1.189991101080620339e+00
1.191750964303648574e+00
1.193502462301661016e+00
1.195243476175176900e+00
1.196980962615930677e+00
1.198713270788444474e+00
1.200436760965919891e+00
1.202150912940576966e+00
1.203861903185848181e+00
1.205568336197537116e+00
