-1.610059966121792252e+00
-1.033696825492375515e+00
-8.576402411126660130e-01
-7.813194007970731825e-01
-7.309950448373101484e-01
-6.899971672744191764e-01
-6.548510345657032605e-01
-6.190714845891309714e-01
-5.825560741342484805e-01
-5.484972377753312145e-01
-5.123534615826093042e-01
-4.768269138718705391e-01
-4.424862256482767764e-01
-4.074247972365055426e-01
-3.727984903134619055e-01
-3.380152593927835958e-01
-3.032850158170394828e-01
-2.689898718967528857e-01
-2.346049836883210560e-01
-1.999305389541133349e-01
-1.652756403104002902e-01
-1.308153495298803870e-01
-9.626961161500424691e-02
-6.153197807616607451e-02
-2.684437963663099252e-02
7.733798594862349544e-03
4.225920859417824083e-02
7.687090195377592472e-02
1.114473606035483177e-01
1.460683695831289652e-01
1.806917971112486365e-01
2.152213710713370420e-01
2.498196560593959337e-01
2.844427311540754788e-01
3.190134972424181758e-01
3.536087041936970543e-01
3.882149089924714636e-01
4.228070951862462623e-01
4.574117601233261832e-01
4.920153686877103416e-01
5.266068730275532683e-01
5.612086623505185834e-01
5.958021258145772547e-01
6.303912682884963425e-01
6.649962547297765258e-01
6.995944958877020614e-01
7.341945800526650245e-01
7.687965862501299208e-01
8.033891121122477275e-01
