2.892000000000000126e-01 4.555999999999999633e-02 6.610000000000000320e-01 2.007000000000000204e-09 9.710999999999999632e-01
2.956000000000000294e-01 4.619999999999999801e-02 7.269999999999999796e-01 1.643000000000000220e-09 9.495000000000000107e-01
2.780000000000000249e-01 4.764000000000000179e-02 7.070000000000000728e-01 2.708999999999999641e-09 9.728999999999999870e-01
2.867999999999999994e-01 4.916000000000000231e-02 7.030000000000000693e-01 2.630999999999999703e-09 9.872999999999999554e-01
2.852000000000000091e-01 4.787999999999999895e-02 6.770000000000000462e-01 2.215000000000000313e-09 9.009000000000000341e-01
2.772000000000000020e-01 4.564000000000000001e-02 7.429999999999999938e-01 1.565000000000000283e-09 9.855000000000000426e-01
2.876000000000000223e-01 4.796000000000000263e-02 6.910000000000000586e-01 2.500999999999999945e-09 9.638999999999999790e-01
3.012000000000000233e-01 4.811999999999999611e-02 6.750000000000000444e-01 2.371000000000000188e-09 9.062999999999999945e-01
3.059999999999999942e-01 4.683999999999999969e-02 6.550000000000000266e-01 1.954999999999999970e-09 9.153000000000000025e-01
2.796000000000000152e-01 4.723999999999999727e-02 7.369999999999999885e-01 2.579000000000000296e-09 9.423000000000000265e-01
2.700000000000000178e-01 4.907999999999999863e-02 6.830000000000000515e-01 1.877000000000000032e-09 9.441000000000000503e-01
2.724000000000000310e-01 4.900000000000000189e-02 6.670000000000000373e-01 2.423000000000000008e-09 9.405000000000000027e-01
2.756000000000000116e-01 4.596000000000000085e-02 6.950000000000000622e-01 1.851000000000000122e-09 9.890999999999999792e-01
2.916000000000000258e-01 4.523999999999999549e-02 6.890000000000000568e-01 1.617000000000000103e-09 9.548999999999999710e-01
2.988000000000000100e-01 4.635999999999999843e-02 7.010000000000000675e-01 1.747000000000000068e-09 9.386999999999999789e-01
2.731999999999999984e-01 4.675999999999999601e-02 7.189999999999999725e-01 2.682999999999999937e-09 9.314999999999999947e-01
3.019999999999999907e-01 4.819999999999999979e-02 7.129999999999999671e-01 2.136999999999999962e-09 9.189000000000000501e-01
2.860000000000000320e-01 4.716000000000000053e-02 7.209999999999999742e-01 2.032999999999999907e-09 9.261000000000000343e-01
3.044000000000000039e-01 4.659999999999999559e-02 7.289999999999999813e-01 2.449000000000000125e-09 9.747000000000000108e-01
2.972000000000000197e-01 4.732000000000000095e-02 6.650000000000000355e-01 2.292999999999999837e-09 9.134999999999999787e-01
3.035999999999999810e-01 4.707999999999999685e-02 6.530000000000000249e-01 2.734999999999999758e-09 9.027000000000000579e-01
3.028000000000000136e-01 4.828000000000000347e-02 6.970000000000000639e-01 1.929000000000000266e-09 9.837000000000000188e-01
2.691999999999999948e-01 4.603999999999999759e-02 7.050000000000000711e-01 1.591000000000000193e-09 9.206999999999999629e-01
2.740000000000000213e-01 4.547999999999999959e-02 7.349999999999999867e-01 2.474999999999999828e-09 9.243000000000000105e-01
2.979999999999999871e-01 4.612000000000000127e-02 6.990000000000000657e-01 2.266999999999999720e-09 9.800999999999999712e-01
2.932000000000000162e-01 4.643999999999999517e-02 6.810000000000000497e-01 1.903000000000000149e-09 9.657000000000000028e-01
2.787999999999999923e-01 4.852000000000000063e-02 6.630000000000000338e-01 2.059000000000000024e-09 9.458999999999999631e-01
2.827999999999999958e-01 4.571999999999999675e-02 7.449999999999999956e-01 2.163000000000000079e-09 9.603000000000000425e-01
2.948000000000000065e-01 4.868000000000000105e-02 6.790000000000000480e-01 2.110999999999999845e-09 9.171000000000000263e-01
2.684000000000000274e-01 4.700000000000000011e-02 7.249999999999999778e-01 1.513000000000000255e-09 9.513000000000000345e-01
2.923999999999999932e-01 4.580000000000000043e-02 6.930000000000000604e-01 2.786999999999999578e-09 9.099000000000000421e-01
2.900000000000000355e-01 4.780000000000000221e-02 7.329999999999999849e-01 2.527000000000000062e-09 9.585000000000000187e-01
2.708000000000000407e-01 4.748000000000000137e-02 7.169999999999999707e-01 1.695000000000000247e-09 9.782999999999999474e-01
3.068000000000000171e-01 4.628000000000000169e-02 6.730000000000000426e-01 1.721000000000000157e-09 9.675000000000000266e-01
2.812000000000000055e-01 4.755999999999999811e-02 7.489999999999999991e-01 2.085000000000000141e-09 9.765000000000000346e-01
2.820000000000000284e-01 4.884000000000000147e-02 7.109999999999999654e-01 2.241000000000000016e-09 9.279000000000000581e-01
2.803999999999999826e-01 4.891999999999999821e-02 6.870000000000000551e-01 2.656999999999999820e-09 9.693000000000000504e-01
3.004000000000000004e-01 4.531999999999999917e-02 6.710000000000000409e-01 2.760999999999999875e-09 9.296999999999999709e-01
2.995999999999999774e-01 4.587999999999999717e-02 6.850000000000000533e-01 2.605000000000000000e-09 9.566999999999999948e-01
3.052000000000000268e-01 4.859999999999999737e-02 7.469999999999999973e-01 2.318999999999999954e-09 9.369000000000000661e-01
3.075999999999999845e-01 4.539999999999999591e-02 7.389999999999999902e-01 1.981000000000000087e-09 9.117000000000000659e-01
2.747999999999999887e-01 4.651999999999999885e-02 7.309999999999999831e-01 1.799000000000000095e-09 9.620999999999999552e-01
2.908000000000000029e-01 4.836000000000000021e-02 6.690000000000000391e-01 2.552999999999999766e-09 9.531000000000000583e-01
2.836000000000000187e-01 4.691999999999999643e-02 6.570000000000000284e-01 1.825000000000000212e-09 9.044999999999999707e-01
2.716000000000000081e-01 4.771999999999999853e-02 6.510000000000000231e-01 1.773000000000000185e-09 9.081000000000000183e-01
2.883999999999999897e-01 4.843999999999999695e-02 7.089999999999999636e-01 2.345000000000000071e-09 9.476999999999999869e-01
2.764000000000000346e-01 4.875999999999999779e-02 7.149999999999999689e-01 1.539000000000000166e-09 9.224999999999999867e-01
2.843999999999999861e-01 4.667999999999999927e-02 7.229999999999999760e-01 1.669000000000000130e-09 9.351000000000000423e-01
2.939999999999999836e-01 4.803999999999999937e-02 6.590000000000000302e-01 2.396999999999999891e-09 9.818999999999999950e-01
2.963999999999999968e-01 4.739999999999999769e-02 7.409999999999999920e-01 2.189000000000000196e-09 9.333000000000000185e-01
